84
228
317
278
434
60
465
179
22
63
320
60
330
329
20
435
476
420
385
355
302
60
326
263
47
399
357
132
457
192
207
62
417
265
187
260
241
399
325
94
217
364
15
460
476
132
453
450
423
54
494
7
385
353
129
275
121
284
347
157
437
151
127
189
144
80
97
5
476
368
119
360
190
202
18
493
84
433
278
280
403
38
78
0
368
63
134
125
490
64
80
352
457
134
148
440
388
471
388
33
214
387
198
176
59
317
482
179
216
394
151
387
125
89
341
465
414
321
200
151
160
32
498
208
129
284
147
424
187
11
183
17
420
329
246
330
380
385
147
75
214
367
412
70
137
274
385
449
207
437
446
395
329
494
347
98
241
225
144
320
260
311
428
25
476
121
246
1
113
5
482
395
418
129
471
340
368
70
127
360
345
122
15
486
22
486
492
446
33
284
237
267
110
245
22
151
11
458
294
305
176
375
179
449
372
76
416
352
321
242
334
28
216
120
360
305
58
73
440
479
417
228
42
347
111
80
362
392
385
237
353
294
0
397
46
8
265
277
70
138
185
492
305
116
482
457
144
7
380
23
90
394
459
452
309
69
231
58
68
322
360
17
98
171
251
395
106
342
11
154
261
413
73
137
15
379
454
292
146
87
125
125
359
242
-1
254
189
115
411
125
293
149
57
361
125
456
417
343
75
50
354
175
80
257
394
125
487
15
407
265
378
465
176
379
248
204
281
157
119
368
232
482
294
412
236
437
435
239
151
137
110
208
137
476
486
151
415
17
238
193
148
33
192
35
207
109
120
119
420
109
264
406
57
248
289
158
388
148
319
18
399
467
387
137
146
417
60
58
137
286
369
419
63
6
348
154
373
189
62
490
176
409
68
326
486
284
346
490
25
17
34
347
454
186
419
284
393
267
260
125
333
7
269
289
185
248
364
69
186
197
453
311
57
406
245
384
317
284
181
260
137
380
395
489
119
208
147
183
362
246
219
179
42
171
98
137
419
417
368
260
195
289
76
451
52
497
363
458
454
151
182
32
496
322
63
176
125
284
127
17
179
57
214
286
222
437
137
292
18
292
485
241
51
422
36
457
71
38
148
292
89
62
17
132
386
143
294
116
342
71
311
356
273
51
255
382
257
11
25
17

